data=[...
-99.00	250.00	255.00	260.00	265.07	270.00	275.00	280.00	285.07	290.00	295.00	300.00	305.07	310.00	315.00	320.00	325.07	330.00	335.07	340.00	345.07	350.00	355.07	360.00	365.07	370.00	375.07	380.00	385.00	390.00	395.07	400.00	405.00	410.00	415.07	420.00	425.00	430.00	435.00	440.00	445.00	450.00
620.00	-36.79	-37.10	-35.99	-36.73	-35.87	-36.08	-36.15	-36.26	-36.80	-36.56	-36.84	-25.85	-21.53	-26.93	-27.36	-26.97	-27.21	-27.46	-27.10	-27.28	-27.46	-27.21	-26.75	-27.30	-27.46	-27.24	-27.34	-27.20	-27.27	-27.31	-27.25	-27.40	-27.63	-27.56	-27.01	-27.02	-27.48	-27.51	-27.46	-27.66	-27.53
618.97	-36.39	-36.94	-35.45	-36.37	-35.96	-35.61	-35.86	-36.20	-36.89	-36.51	-37.06	-25.25	-22.04	-27.06	-27.52	-27.09	-27.62	-27.54	-27.43	-27.19	-27.35	-27.22	-26.73	-27.28	-27.45	-27.27	-27.41	-27.32	-27.34	-27.35	-27.50	-27.60	-27.55	-27.38	-26.92	-27.03	-27.36	-27.50	-27.37	-27.35	-27.56
617.94	-36.58	-36.63	-35.86	-36.19	-35.99	-35.69	-35.37	-36.41	-36.66	-36.60	-36.56	-24.85	-22.75	-26.95	-27.22	-27.22	-27.45	-27.36	-27.13	-27.10	-27.36	-27.01	-26.82	-27.11	-27.27	-27.26	-27.23	-27.09	-27.12	-27.26	-27.49	-27.28	-27.38	-27.27	-27.02	-26.91	-27.39	-27.50	-27.34	-27.31	-27.51
617.05	-36.17	-37.02	-35.52	-36.02	-35.86	-35.68	-35.69	-36.10	-36.22	-36.47	-36.86	-24.14	-23.34	-27.14	-27.60	-27.20	-27.21	-27.36	-27.33	-27.22	-27.35	-26.84	-26.81	-27.23	-27.49	-27.12	-27.19	-27.14	-27.20	-27.43	-27.25	-27.15	-27.38	-27.31	-26.82	-26.89	-27.39	-27.30	-27.28	-27.41	-27.37
616.02	-36.51	-36.98	-35.75	-35.79	-35.74	-35.41	-35.71	-36.04	-36.77	-36.17	-36.58	-23.20	-23.75	-27.29	-27.54	-27.24	-27.33	-27.29	-27.07	-26.79	-27.35	-27.04	-26.48	-27.15	-27.34	-27.17	-27.24	-27.31	-27.10	-27.15	-27.31	-27.38	-27.60	-27.43	-26.86	-26.64	-27.30	-27.36	-27.28	-27.25	-27.46
615.00	-36.25	-36.77	-35.32	-36.31	-35.60	-35.24	-35.85	-36.01	-36.32	-36.44	-37.06	-22.48	-25.43	-27.08	-27.25	-26.91	-27.27	-26.94	-27.22	-27.21	-26.77	-26.95	-26.91	-27.09	-27.09	-27.25	-27.15	-27.24	-26.93	-27.33	-27.17	-27.29	-27.10	-27.19	-26.74	-26.76	-27.19	-27.39	-27.39	-27.24	-27.64
613.97	-36.28	-36.52	-35.45	-35.69	-35.51	-35.16	-35.67	-35.92	-36.21	-36.03	-36.62	-22.24	-25.69	-26.93	-27.00	-27.22	-27.19	-26.90	-27.31	-26.87	-26.95	-26.72	-26.70	-27.12	-27.27	-27.24	-27.10	-27.17	-27.11	-27.01	-27.40	-27.10	-27.51	-27.35	-26.71	-26.64	-27.05	-27.20	-27.26	-27.36	-27.35
612.94	-36.13	-36.53	-35.30	-35.89	-35.35	-35.12	-35.56	-36.21	-36.17	-35.97	-36.54	-21.12	-26.00	-26.69	-27.21	-27.02	-27.24	-27.04	-27.28	-27.06	-27.27	-26.88	-26.46	-26.93	-26.95	-27.07	-27.20	-26.92	-26.90	-27.02	-27.36	-27.08	-27.18	-27.23	-26.77	-26.60	-27.07	-27.20	-27.12	-27.15	-27.39
612.05	-36.22	-35.77	-35.23	-36.00	-35.00	-34.69	-35.88	-35.89	-36.44	-36.09	-36.35	-21.14	-26.13	-26.95	-27.28	-26.93	-27.00	-26.92	-26.94	-27.09	-27.17	-26.59	-26.31	-27.18	-27.14	-26.85	-27.18	-26.97	-27.03	-26.99	-27.13	-27.02	-27.23	-27.09	-26.48	-26.39	-27.13	-27.21	-27.18	-27.15	-27.31
611.02	-36.08	-36.23	-35.10	-35.82	-34.94	-34.48	-35.34	-35.81	-36.31	-35.91	-35.80	-20.92	-26.33	-26.99	-26.65	-26.97	-27.12	-26.81	-27.02	-26.88	-27.24	-26.78	-26.48	-26.93	-27.22	-26.90	-27.11	-26.75	-27.04	-27.07	-27.04	-26.94	-27.10	-27.09	-26.54	-26.58	-27.05	-27.30	-27.09	-27.05	-27.27
610.00	-35.98	-36.39	-34.93	-35.72	-34.92	-34.33	-35.59	-35.58	-36.16	-35.76	-35.46	-21.54	-26.63	-26.64	-26.73	-26.93	-27.25	-27.00	-27.23	-26.68	-26.90	-26.75	-25.97	-26.60	-27.13	-27.15	-26.95	-27.06	-26.99	-26.88	-27.00	-27.03	-27.05	-27.11	-26.40	-26.54	-26.95	-27.28	-27.00	-27.21	-27.25
608.98	-36.08	-36.02	-34.95	-35.42	-34.91	-34.33	-35.72	-35.57	-36.20	-35.75	-35.21	-21.49	-25.74	-26.67	-26.46	-26.71	-26.75	-26.69	-27.12	-26.71	-26.90	-26.69	-26.06	-26.92	-27.28	-26.83	-27.01	-26.91	-26.97	-26.99	-26.80	-26.95	-27.24	-27.04	-26.29	-26.37	-26.90	-27.03	-26.95	-27.06	-27.20
607.97	-35.46	-36.28	-34.74	-35.37	-34.66	-34.35	-35.75	-35.45	-35.64	-35.69	-34.53	-22.02	-26.02	-26.38	-27.06	-26.65	-27.15	-26.77	-27.07	-26.85	-26.90	-26.93	-25.98	-26.60	-26.77	-26.85	-26.93	-26.91	-26.83	-26.90	-27.04	-27.04	-27.07	-26.97	-26.43	-26.26	-26.82	-27.06	-26.88	-27.00	-27.14
606.95	-35.46	-36.29	-34.22	-35.82	-34.79	-34.11	-35.25	-36.03	-35.84	-35.40	-33.38	-22.95	-26.05	-26.42	-26.57	-26.62	-26.91	-26.95	-27.00	-26.46	-26.79	-26.40	-26.02	-26.86	-27.01	-26.75	-26.52	-26.91	-26.63	-26.70	-26.87	-26.85	-27.05	-26.93	-26.20	-26.20	-26.93	-27.03	-26.86	-26.97	-27.02
605.94	-35.65	-35.92	-34.21	-35.12	-34.61	-34.04	-35.54	-34.90	-35.90	-35.44	-32.03	-23.51	-26.00	-26.56	-26.79	-26.39	-27.11	-26.63	-26.59	-26.72	-26.72	-26.27	-25.96	-26.51	-26.92	-26.49	-26.98	-26.80	-26.68	-26.73	-27.13	-26.77	-27.04	-26.88	-26.32	-26.47	-26.79	-26.83	-27.10	-26.87	-27.25
605.07	-35.25	-35.76	-34.85	-35.46	-33.69	-33.32	-35.33	-35.14	-35.75	-35.58	-31.97	-24.18	-26.10	-26.34	-26.84	-26.45	-26.46	-26.97	-26.86	-26.66	-26.70	-26.83	-26.14	-26.38	-26.88	-26.71	-26.91	-26.58	-26.64	-26.92	-26.96	-26.72	-26.90	-26.72	-26.20	-26.17	-26.67	-26.92	-26.71	-26.79	-27.03
604.05	-35.54	-36.15	-34.42	-34.88	-34.11	-33.95	-35.07	-35.35	-35.67	-35.36	-30.16	-24.80	-26.13	-26.53	-26.85	-26.37	-26.31	-26.39	-26.63	-26.78	-26.62	-26.23	-25.94	-26.27	-26.59	-26.56	-26.45	-26.32	-26.59	-26.70	-27.02	-26.84	-26.85	-26.93	-26.14	-26.23	-26.60	-26.93	-26.70	-26.86	-27.04
603.04	-35.22	-35.54	-34.33	-35.09	-34.12	-33.78	-35.10	-35.45	-35.64	-34.93	-29.98	-25.39	-26.06	-26.17	-26.47	-26.37	-26.83	-26.65	-26.58	-26.24	-26.57	-26.29	-26.05	-26.41	-26.89	-26.54	-26.48	-26.85	-26.31	-26.41	-26.92	-26.58	-26.81	-26.52	-25.98	-26.13	-26.64	-26.80	-26.74	-26.66	-27.04
602.02	-35.67	-35.23	-34.21	-35.28	-33.26	-33.75	-34.75	-35.02	-35.63	-35.03	-29.14	-25.62	-25.77	-26.15	-26.54	-26.15	-26.53	-26.52	-26.69	-26.42	-26.51	-26.33	-25.70	-26.46	-26.61	-26.59	-26.41	-26.58	-26.38	-26.50	-26.61	-26.56	-26.75	-26.71	-25.87	-25.93	-26.54	-26.79	-26.57	-26.71	-26.88
601.01	-35.14	-35.53	-34.00	-35.12	-33.95	-34.27	-35.15	-34.56	-35.02	-34.40	-28.90	-25.58	-25.66	-26.21	-26.49	-26.50	-26.53	-26.57	-26.84	-26.11	-26.24	-26.26	-25.56	-26.25	-26.50	-26.58	-26.43	-26.29	-26.42	-26.44	-26.87	-26.48	-26.88	-26.61	-25.93	-26.03	-26.74	-26.77	-26.61	-26.81	-26.90
600.00	-34.96	-35.20	-34.51	-35.11	-33.55	-34.08	-34.95	-34.90	-35.12	-34.21	-29.03	-25.65	-26.04	-26.00	-26.40	-26.29	-26.34	-26.23	-26.55	-26.26	-26.64	-25.90	-25.62	-26.23	-26.73	-26.46	-26.26	-26.53	-26.32	-26.16	-26.65	-26.56	-26.82	-26.33	-25.84	-25.75	-26.43	-26.65	-26.45	-26.60	-26.92
598.97	-35.33	-35.65	-34.04	-34.59	-33.19	-33.63	-34.95	-34.52	-34.88	-32.69	-29.45	-25.95	-25.75	-26.27	-26.37	-26.29	-26.34	-26.46	-26.39	-26.27	-26.58	-26.01	-25.03	-26.19	-26.37	-26.49	-26.20	-26.21	-26.25	-26.34	-26.62	-26.55	-26.59	-26.62	-25.87	-25.82	-26.59	-26.52	-26.23	-26.68	-26.78
597.94	-35.32	-35.75	-33.62	-33.97	-33.14	-33.92	-34.82	-34.86	-34.90	-31.72	-29.77	-25.53	-25.18	-25.70	-26.27	-25.99	-26.65	-26.53	-26.34	-26.18	-26.15	-25.85	-25.37	-26.15	-26.37	-26.34	-26.14	-26.04	-26.22	-26.29	-26.37	-26.20	-26.54	-26.43	-25.76	-25.78	-26.42	-26.51	-26.57	-26.62	-26.74
597.05	-34.39	-35.07	-33.81	-34.76	-32.99	-33.79	-34.80	-34.53	-35.28	-30.96	-30.20	-25.80	-25.38	-26.13	-26.16	-26.05	-26.42	-25.98	-25.92	-26.11	-26.14	-25.86	-25.03	-25.89	-26.37	-26.43	-26.31	-26.27	-26.01	-26.21	-26.56	-26.21	-26.68	-26.44	-25.63	-25.65	-26.37	-26.52	-26.54	-26.37	-26.71
596.02	-34.25	-35.05	-33.31	-35.00	-33.24	-33.60	-34.86	-34.61	-35.07	-29.31	-30.64	-25.49	-25.41	-26.16	-26.17	-26.16	-26.31	-26.33	-25.86	-25.97	-26.13	-25.92	-25.16	-25.88	-26.44	-26.14	-26.28	-26.10	-26.18	-26.32	-26.49	-26.38	-26.63	-26.37	-25.53	-25.54	-26.34	-26.46	-26.23	-26.48	-26.60
595.00	-34.95	-35.30	-33.37	-34.52	-33.08	-34.02	-34.32	-34.29	-34.70	-28.45	-31.65	-25.33	-25.37	-25.63	-26.15	-25.67	-26.08	-26.17	-26.07	-26.16	-26.33	-25.95	-25.13	-25.85	-26.06	-26.03	-26.11	-25.92	-25.83	-26.14	-26.43	-26.14	-26.59	-26.34	-25.54	-25.38	-26.25	-26.48	-26.25	-26.27	-26.67
